16 
0  0  0.44 
1  1  0.44 
2  2  0.44 
3  3  0.44 
4  4  0.44 
5  5  0.44 
6  6  0.44 
7  7  0.44 
8  8  -1.0 
9  9  -1.0 
10  10  -1.0 
11  11  -1.0 
12  12  -1.0 
13  13  -1.0 
14  14  -1.0 
15  15  -1.0 
0  4  -1.0 
0  5  -1.0 
0  6  -1.0 
0  7  -1.0 
1  4  -1.0 
1  5  -1.0 
1  6  -1.0 
1  7  -1.0 
2  4  -1.0 
2  5  -1.0 
2  6  -1.0 
2  7  -1.0 
3  4  -1.0 
3  5  -1.0 
3  6  -1.0 
3  7  -1.0 
8  12  -1.0 
8  13  -1.0 
8  14  -1.0 
8  15  -1.0 
9  12  -1.0 
9  13  -1.0 
9  14  -1.0 
9  15  -1.0 
10  12  -1.0 
10  13  -1.0 
10  14  -1.0 
10  15  -1.0 
11  12  -1.0 
11  13  -1.0 
11  14  -1.0 
11  15  -1.0 
4  12  -1.0 
5  13  -1.0 
6  14  -1.0 
7  15  -1.0 
