64
0 0 0.0 
1 1 0.0 
2 2 0.0 
3 3 0.0 
4 4 0.0 
5 5 0.0 
6 6 0.0 
7 7 0.0 
8 8 0.0 
9 9 0.0 
10 10 0.0 
11 11 0.0 
12 12 0.0 
13 13 0.0 
14 14 0.0 
15 15 0.0 
16 16 0.0 
17 17 0.0 
18 18 0.0 
19 19 0.0 
20 20 0.0 
21 21 0.0 
22 22 0.0 
23 23 0.0 
24 24 0.0 
25 25 0.0 
26 26 0.0 
27 27 0.0 
28 28 0.0 
29 29 0.0 
30 30 0.0 
31 31 0.0 
32 32 0.0 
33 33 0.0 
34 34 0.0 
35 35 0.0 
36 36 0.0 
37 37 0.0 
38 38 0.0 
39 39 0.0 
40 40 0.0 
41 41 0.0 
42 42 0.0 
43 43 0.0 
44 44 0.0 
45 45 0.0 
46 46 0.0 
47 47 0.0 
48 48 0.0 
49 49 0.0 
50 50 0.0 
51 51 0.0 
52 52 0.0 
53 53 0.0 
54 54 0.0 
55 55 0.0 
56 56 0.0 
57 57 0.0 
58 58 0.0 
59 59 0.0 
60 60 0.0 
61 61 0.0 
62 62 0.0 
63 63 0.0 
0 56 -1.0 
0 7 -1.0 
1 57 -1.0 
1 0 -1.0 
2 58 -1.0 
2 1 -1.0 
3 59 -1.0 
3 2 -1.0 
4 60 -1.0 
4 3 -1.0 
5 61 -1.0 
5 4 -1.0 
6 62 -1.0 
6 5 -1.0 
7 63 -1.0 
7 6 -1.0 
8 0 -1.0 
8 15 -1.0 
9 1 -1.0 
9 8 -1.0 
10 2 -1.0 
10 9 -1.0 
11 3 -1.0 
11 10 -1.0 
12 4 -1.0 
12 11 -1.0 
13 5 -1.0 
13 12 -1.0 
14 6 -1.0 
14 13 -1.0 
15 7 -1.0 
15 14 -1.0 
16 8 -1.0 
16 23 -1.0 
17 9 -1.0 
17 16 -1.0 
18 10 -1.0 
18 17 -1.0 
19 11 -1.0 
19 18 -1.0 
20 12 -1.0 
20 19 -1.0 
21 13 -1.0 
21 20 -1.0 
22 14 -1.0 
22 21 -1.0 
23 15 -1.0 
23 22 -1.0 
24 16 -1.0 
24 31 -1.0 
25 17 -1.0 
25 24 -1.0 
26 18 -1.0 
26 25 -1.0 
27 19 -1.0 
27 26 -1.0 
28 20 -1.0 
28 27 -1.0 
29 21 -1.0 
29 28 -1.0 
30 22 -1.0 
30 29 -1.0 
31 23 -1.0 
31 30 -1.0 
32 24 -1.0 
32 39 -1.0 
33 25 -1.0 
33 32 -1.0 
34 26 -1.0 
34 33 -1.0 
35 27 -1.0 
35 34 -1.0 
36 28 -1.0 
36 35 -1.0 
37 29 -1.0 
37 36 -1.0 
38 30 -1.0 
38 37 -1.0 
39 31 -1.0 
39 38 -1.0 
40 32 -1.0 
40 47 -1.0 
41 33 -1.0 
41 40 -1.0 
42 34 -1.0 
42 41 -1.0 
43 35 -1.0 
43 42 -1.0 
44 36 -1.0 
44 43 -1.0 
45 37 -1.0 
45 44 -1.0 
46 38 -1.0 
46 45 -1.0 
47 39 -1.0 
47 46 -1.0 
48 40 -1.0 
48 55 -1.0 
49 41 -1.0 
49 48 -1.0 
50 42 -1.0 
50 49 -1.0 
51 43 -1.0 
51 50 -1.0 
52 44 -1.0 
52 51 -1.0 
53 45 -1.0 
53 52 -1.0 
54 46 -1.0 
54 53 -1.0 
55 47 -1.0 
55 54 -1.0 
56 48 -1.0 
56 63 -1.0 
57 49 -1.0 
57 56 -1.0 
58 50 -1.0 
58 57 -1.0 
59 51 -1.0 
59 58 -1.0 
60 52 -1.0 
60 59 -1.0 
61 53 -1.0 
61 60 -1.0 
62 54 -1.0 
62 61 -1.0 
63 55 -1.0 
63 62 -1.0 
