16
0 0 0.0 
1 1 0.0 
2 2 0.0 
3 3 0.0 
4 4 0.0 
5 5 0.0 
6 6 0.0 
7 7 0.0 
8 8 0.0 
9 9 0.0 
10 10 0.0 
11 11 0.0 
12 12 0.0 
13 13 0.0 
14 14 0.0 
15 15 0.0 
0 12 -1.0 
0 3 -1.0 
1 13 -1.0 
1 0 -1.0 
2 14 -1.0 
2 1 -1.0 
3 15 -1.0 
3 2 -1.0 
4 0 -1.0 
4 7 -1.0 
5 1 -1.0 
5 4 -1.0 
6 2 -1.0 
6 5 -1.0 
7 3 -1.0 
7 6 -1.0 
8 4 -1.0 
8 11 -1.0 
9 5 -1.0 
9 8 -1.0 
10 6 -1.0 
10 9 -1.0 
11 7 -1.0 
11 10 -1.0 
12 8 -1.0 
12 15 -1.0 
13 9 -1.0 
13 12 -1.0 
14 10 -1.0 
14 13 -1.0 
15 11 -1.0 
15 14 -1.0 
