100
0 0 0.0 
1 1 0.0 
2 2 0.0 
3 3 0.0 
4 4 0.0 
5 5 0.0 
6 6 0.0 
7 7 0.0 
8 8 0.0 
9 9 0.0 
10 10 0.0 
11 11 0.0 
12 12 0.0 
13 13 0.0 
14 14 0.0 
15 15 0.0 
16 16 0.0 
17 17 0.0 
18 18 0.0 
19 19 0.0 
20 20 0.0 
21 21 0.0 
22 22 0.0 
23 23 0.0 
24 24 0.0 
25 25 0.0 
26 26 0.0 
27 27 0.0 
28 28 0.0 
29 29 0.0 
30 30 0.0 
31 31 0.0 
32 32 0.0 
33 33 0.0 
34 34 0.0 
35 35 0.0 
36 36 0.0 
37 37 0.0 
38 38 0.0 
39 39 0.0 
40 40 0.0 
41 41 0.0 
42 42 0.0 
43 43 0.0 
44 44 0.0 
45 45 0.0 
46 46 0.0 
47 47 0.0 
48 48 0.0 
49 49 0.0 
50 50 0.0 
51 51 0.0 
52 52 0.0 
53 53 0.0 
54 54 0.0 
55 55 0.0 
56 56 0.0 
57 57 0.0 
58 58 0.0 
59 59 0.0 
60 60 0.0 
61 61 0.0 
62 62 0.0 
63 63 0.0 
64 64 0.0 
65 65 0.0 
66 66 0.0 
67 67 0.0 
68 68 0.0 
69 69 0.0 
70 70 0.0 
71 71 0.0 
72 72 0.0 
73 73 0.0 
74 74 0.0 
75 75 0.0 
76 76 0.0 
77 77 0.0 
78 78 0.0 
79 79 0.0 
80 80 0.0 
81 81 0.0 
82 82 0.0 
83 83 0.0 
84 84 0.0 
85 85 0.0 
86 86 0.0 
87 87 0.0 
88 88 0.0 
89 89 0.0 
90 90 0.0 
91 91 0.0 
92 92 0.0 
93 93 0.0 
94 94 0.0 
95 95 0.0 
96 96 0.0 
97 97 0.0 
98 98 0.0 
99 99 0.0 
0 90 -1.0 
0 9 -1.0 
1 91 -1.0 
1 0 -1.0 
2 92 -1.0 
2 1 -1.0 
3 93 -1.0 
3 2 -1.0 
4 94 -1.0 
4 3 -1.0 
5 95 -1.0 
5 4 -1.0 
6 96 -1.0 
6 5 -1.0 
7 97 -1.0 
7 6 -1.0 
8 98 -1.0 
8 7 -1.0 
9 99 -1.0 
9 8 -1.0 
10 0 -1.0 
10 19 -1.0 
11 1 -1.0 
11 10 -1.0 
12 2 -1.0 
12 11 -1.0 
13 3 -1.0 
13 12 -1.0 
14 4 -1.0 
14 13 -1.0 
15 5 -1.0 
15 14 -1.0 
16 6 -1.0 
16 15 -1.0 
17 7 -1.0 
17 16 -1.0 
18 8 -1.0 
18 17 -1.0 
19 9 -1.0 
19 18 -1.0 
20 10 -1.0 
20 29 -1.0 
21 11 -1.0 
21 20 -1.0 
22 12 -1.0 
22 21 -1.0 
23 13 -1.0 
23 22 -1.0 
24 14 -1.0 
24 23 -1.0 
25 15 -1.0 
25 24 -1.0 
26 16 -1.0 
26 25 -1.0 
27 17 -1.0 
27 26 -1.0 
28 18 -1.0 
28 27 -1.0 
29 19 -1.0 
29 28 -1.0 
30 20 -1.0 
30 39 -1.0 
31 21 -1.0 
31 30 -1.0 
32 22 -1.0 
32 31 -1.0 
33 23 -1.0 
33 32 -1.0 
34 24 -1.0 
34 33 -1.0 
35 25 -1.0 
35 34 -1.0 
36 26 -1.0 
36 35 -1.0 
37 27 -1.0 
37 36 -1.0 
38 28 -1.0 
38 37 -1.0 
39 29 -1.0 
39 38 -1.0 
40 30 -1.0 
40 49 -1.0 
41 31 -1.0 
41 40 -1.0 
42 32 -1.0 
42 41 -1.0 
43 33 -1.0 
43 42 -1.0 
44 34 -1.0 
44 43 -1.0 
45 35 -1.0 
45 44 -1.0 
46 36 -1.0 
46 45 -1.0 
47 37 -1.0 
47 46 -1.0 
48 38 -1.0 
48 47 -1.0 
49 39 -1.0 
49 48 -1.0 
50 40 -1.0 
50 59 -1.0 
51 41 -1.0 
51 50 -1.0 
52 42 -1.0 
52 51 -1.0 
53 43 -1.0 
53 52 -1.0 
54 44 -1.0 
54 53 -1.0 
55 45 -1.0 
55 54 -1.0 
56 46 -1.0 
56 55 -1.0 
57 47 -1.0 
57 56 -1.0 
58 48 -1.0 
58 57 -1.0 
59 49 -1.0 
59 58 -1.0 
60 50 -1.0 
60 69 -1.0 
61 51 -1.0 
61 60 -1.0 
62 52 -1.0 
62 61 -1.0 
63 53 -1.0 
63 62 -1.0 
64 54 -1.0 
64 63 -1.0 
65 55 -1.0 
65 64 -1.0 
66 56 -1.0 
66 65 -1.0 
67 57 -1.0 
67 66 -1.0 
68 58 -1.0 
68 67 -1.0 
69 59 -1.0 
69 68 -1.0 
70 60 -1.0 
70 79 -1.0 
71 61 -1.0 
71 70 -1.0 
72 62 -1.0 
72 71 -1.0 
73 63 -1.0 
73 72 -1.0 
74 64 -1.0 
74 73 -1.0 
75 65 -1.0 
75 74 -1.0 
76 66 -1.0 
76 75 -1.0 
77 67 -1.0 
77 76 -1.0 
78 68 -1.0 
78 77 -1.0 
79 69 -1.0 
79 78 -1.0 
80 70 -1.0 
80 89 -1.0 
81 71 -1.0 
81 80 -1.0 
82 72 -1.0 
82 81 -1.0 
83 73 -1.0 
83 82 -1.0 
84 74 -1.0 
84 83 -1.0 
85 75 -1.0 
85 84 -1.0 
86 76 -1.0 
86 85 -1.0 
87 77 -1.0 
87 86 -1.0 
88 78 -1.0 
88 87 -1.0 
89 79 -1.0 
89 88 -1.0 
90 80 -1.0 
90 99 -1.0 
91 81 -1.0 
91 90 -1.0 
92 82 -1.0 
92 91 -1.0 
93 83 -1.0 
93 92 -1.0 
94 84 -1.0 
94 93 -1.0 
95 85 -1.0 
95 94 -1.0 
96 86 -1.0 
96 95 -1.0 
97 87 -1.0 
97 96 -1.0 
98 88 -1.0 
98 97 -1.0 
99 89 -1.0 
99 98 -1.0 
