144
0 0 0.0 
1 1 0.0 
2 2 0.0 
3 3 0.0 
4 4 0.0 
5 5 0.0 
6 6 0.0 
7 7 0.0 
8 8 0.0 
9 9 0.0 
10 10 0.0 
11 11 0.0 
12 12 0.0 
13 13 0.0 
14 14 0.0 
15 15 0.0 
16 16 0.0 
17 17 0.0 
18 18 0.0 
19 19 0.0 
20 20 0.0 
21 21 0.0 
22 22 0.0 
23 23 0.0 
24 24 0.0 
25 25 0.0 
26 26 0.0 
27 27 0.0 
28 28 0.0 
29 29 0.0 
30 30 0.0 
31 31 0.0 
32 32 0.0 
33 33 0.0 
34 34 0.0 
35 35 0.0 
36 36 0.0 
37 37 0.0 
38 38 0.0 
39 39 0.0 
40 40 0.0 
41 41 0.0 
42 42 0.0 
43 43 0.0 
44 44 0.0 
45 45 0.0 
46 46 0.0 
47 47 0.0 
48 48 0.0 
49 49 0.0 
50 50 0.0 
51 51 0.0 
52 52 0.0 
53 53 0.0 
54 54 0.0 
55 55 0.0 
56 56 0.0 
57 57 0.0 
58 58 0.0 
59 59 0.0 
60 60 0.0 
61 61 0.0 
62 62 0.0 
63 63 0.0 
64 64 0.0 
65 65 0.0 
66 66 0.0 
67 67 0.0 
68 68 0.0 
69 69 0.0 
70 70 0.0 
71 71 0.0 
72 72 0.0 
73 73 0.0 
74 74 0.0 
75 75 0.0 
76 76 0.0 
77 77 0.0 
78 78 0.0 
79 79 0.0 
80 80 0.0 
81 81 0.0 
82 82 0.0 
83 83 0.0 
84 84 0.0 
85 85 0.0 
86 86 0.0 
87 87 0.0 
88 88 0.0 
89 89 0.0 
90 90 0.0 
91 91 0.0 
92 92 0.0 
93 93 0.0 
94 94 0.0 
95 95 0.0 
96 96 0.0 
97 97 0.0 
98 98 0.0 
99 99 0.0 
100 100 0.0 
101 101 0.0 
102 102 0.0 
103 103 0.0 
104 104 0.0 
105 105 0.0 
106 106 0.0 
107 107 0.0 
108 108 0.0 
109 109 0.0 
110 110 0.0 
111 111 0.0 
112 112 0.0 
113 113 0.0 
114 114 0.0 
115 115 0.0 
116 116 0.0 
117 117 0.0 
118 118 0.0 
119 119 0.0 
120 120 0.0 
121 121 0.0 
122 122 0.0 
123 123 0.0 
124 124 0.0 
125 125 0.0 
126 126 0.0 
127 127 0.0 
128 128 0.0 
129 129 0.0 
130 130 0.0 
131 131 0.0 
132 132 0.0 
133 133 0.0 
134 134 0.0 
135 135 0.0 
136 136 0.0 
137 137 0.0 
138 138 0.0 
139 139 0.0 
140 140 0.0 
141 141 0.0 
142 142 0.0 
143 143 0.0 
0 132 -1.0 
0 11 -1.0 
1 133 -1.0 
1 0 -1.0 
2 134 -1.0 
2 1 -1.0 
3 135 -1.0 
3 2 -1.0 
4 136 -1.0 
4 3 -1.0 
5 137 -1.0 
5 4 -1.0 
6 138 -1.0 
6 5 -1.0 
7 139 -1.0 
7 6 -1.0 
8 140 -1.0 
8 7 -1.0 
9 141 -1.0 
9 8 -1.0 
10 142 -1.0 
10 9 -1.0 
11 143 -1.0 
11 10 -1.0 
12 0 -1.0 
12 23 -1.0 
13 1 -1.0 
13 12 -1.0 
14 2 -1.0 
14 13 -1.0 
15 3 -1.0 
15 14 -1.0 
16 4 -1.0 
16 15 -1.0 
17 5 -1.0 
17 16 -1.0 
18 6 -1.0 
18 17 -1.0 
19 7 -1.0 
19 18 -1.0 
20 8 -1.0 
20 19 -1.0 
21 9 -1.0 
21 20 -1.0 
22 10 -1.0 
22 21 -1.0 
23 11 -1.0 
23 22 -1.0 
24 12 -1.0 
24 35 -1.0 
25 13 -1.0 
25 24 -1.0 
26 14 -1.0 
26 25 -1.0 
27 15 -1.0 
27 26 -1.0 
28 16 -1.0 
28 27 -1.0 
29 17 -1.0 
29 28 -1.0 
30 18 -1.0 
30 29 -1.0 
31 19 -1.0 
31 30 -1.0 
32 20 -1.0 
32 31 -1.0 
33 21 -1.0 
33 32 -1.0 
34 22 -1.0 
34 33 -1.0 
35 23 -1.0 
35 34 -1.0 
36 24 -1.0 
36 47 -1.0 
37 25 -1.0 
37 36 -1.0 
38 26 -1.0 
38 37 -1.0 
39 27 -1.0 
39 38 -1.0 
40 28 -1.0 
40 39 -1.0 
41 29 -1.0 
41 40 -1.0 
42 30 -1.0 
42 41 -1.0 
43 31 -1.0 
43 42 -1.0 
44 32 -1.0 
44 43 -1.0 
45 33 -1.0 
45 44 -1.0 
46 34 -1.0 
46 45 -1.0 
47 35 -1.0 
47 46 -1.0 
48 36 -1.0 
48 59 -1.0 
49 37 -1.0 
49 48 -1.0 
50 38 -1.0 
50 49 -1.0 
51 39 -1.0 
51 50 -1.0 
52 40 -1.0 
52 51 -1.0 
53 41 -1.0 
53 52 -1.0 
54 42 -1.0 
54 53 -1.0 
55 43 -1.0 
55 54 -1.0 
56 44 -1.0 
56 55 -1.0 
57 45 -1.0 
57 56 -1.0 
58 46 -1.0 
58 57 -1.0 
59 47 -1.0 
59 58 -1.0 
60 48 -1.0 
60 71 -1.0 
61 49 -1.0 
61 60 -1.0 
62 50 -1.0 
62 61 -1.0 
63 51 -1.0 
63 62 -1.0 
64 52 -1.0 
64 63 -1.0 
65 53 -1.0 
65 64 -1.0 
66 54 -1.0 
66 65 -1.0 
67 55 -1.0 
67 66 -1.0 
68 56 -1.0 
68 67 -1.0 
69 57 -1.0 
69 68 -1.0 
70 58 -1.0 
70 69 -1.0 
71 59 -1.0 
71 70 -1.0 
72 60 -1.0 
72 83 -1.0 
73 61 -1.0 
73 72 -1.0 
74 62 -1.0 
74 73 -1.0 
75 63 -1.0 
75 74 -1.0 
76 64 -1.0 
76 75 -1.0 
77 65 -1.0 
77 76 -1.0 
78 66 -1.0 
78 77 -1.0 
79 67 -1.0 
79 78 -1.0 
80 68 -1.0 
80 79 -1.0 
81 69 -1.0 
81 80 -1.0 
82 70 -1.0 
82 81 -1.0 
83 71 -1.0 
83 82 -1.0 
84 72 -1.0 
84 95 -1.0 
85 73 -1.0 
85 84 -1.0 
86 74 -1.0 
86 85 -1.0 
87 75 -1.0 
87 86 -1.0 
88 76 -1.0 
88 87 -1.0 
89 77 -1.0 
89 88 -1.0 
90 78 -1.0 
90 89 -1.0 
91 79 -1.0 
91 90 -1.0 
92 80 -1.0 
92 91 -1.0 
93 81 -1.0 
93 92 -1.0 
94 82 -1.0 
94 93 -1.0 
95 83 -1.0 
95 94 -1.0 
96 84 -1.0 
96 107 -1.0 
97 85 -1.0 
97 96 -1.0 
98 86 -1.0 
98 97 -1.0 
99 87 -1.0 
99 98 -1.0 
100 88 -1.0 
100 99 -1.0 
101 89 -1.0 
101 100 -1.0 
102 90 -1.0 
102 101 -1.0 
103 91 -1.0 
103 102 -1.0 
104 92 -1.0 
104 103 -1.0 
105 93 -1.0 
105 104 -1.0 
106 94 -1.0 
106 105 -1.0 
107 95 -1.0 
107 106 -1.0 
108 96 -1.0 
108 119 -1.0 
109 97 -1.0 
109 108 -1.0 
110 98 -1.0 
110 109 -1.0 
111 99 -1.0 
111 110 -1.0 
112 100 -1.0 
112 111 -1.0 
113 101 -1.0 
113 112 -1.0 
114 102 -1.0 
114 113 -1.0 
115 103 -1.0 
115 114 -1.0 
116 104 -1.0 
116 115 -1.0 
117 105 -1.0 
117 116 -1.0 
118 106 -1.0 
118 117 -1.0 
119 107 -1.0 
119 118 -1.0 
120 108 -1.0 
120 131 -1.0 
121 109 -1.0 
121 120 -1.0 
122 110 -1.0 
122 121 -1.0 
123 111 -1.0 
123 122 -1.0 
124 112 -1.0 
124 123 -1.0 
125 113 -1.0 
125 124 -1.0 
126 114 -1.0 
126 125 -1.0 
127 115 -1.0 
127 126 -1.0 
128 116 -1.0 
128 127 -1.0 
129 117 -1.0 
129 128 -1.0 
130 118 -1.0 
130 129 -1.0 
131 119 -1.0 
131 130 -1.0 
132 120 -1.0 
132 143 -1.0 
133 121 -1.0 
133 132 -1.0 
134 122 -1.0 
134 133 -1.0 
135 123 -1.0 
135 134 -1.0 
136 124 -1.0 
136 135 -1.0 
137 125 -1.0 
137 136 -1.0 
138 126 -1.0 
138 137 -1.0 
139 127 -1.0 
139 138 -1.0 
140 128 -1.0 
140 139 -1.0 
141 129 -1.0 
141 140 -1.0 
142 130 -1.0 
142 141 -1.0 
143 131 -1.0 
143 142 -1.0 
