256
0 0 0.0 
1 1 0.0 
2 2 0.0 
3 3 0.0 
4 4 0.0 
5 5 0.0 
6 6 0.0 
7 7 0.0 
8 8 0.0 
9 9 0.0 
10 10 0.0 
11 11 0.0 
12 12 0.0 
13 13 0.0 
14 14 0.0 
15 15 0.0 
16 16 0.0 
17 17 0.0 
18 18 0.0 
19 19 0.0 
20 20 0.0 
21 21 0.0 
22 22 0.0 
23 23 0.0 
24 24 0.0 
25 25 0.0 
26 26 0.0 
27 27 0.0 
28 28 0.0 
29 29 0.0 
30 30 0.0 
31 31 0.0 
32 32 0.0 
33 33 0.0 
34 34 0.0 
35 35 0.0 
36 36 0.0 
37 37 0.0 
38 38 0.0 
39 39 0.0 
40 40 0.0 
41 41 0.0 
42 42 0.0 
43 43 0.0 
44 44 0.0 
45 45 0.0 
46 46 0.0 
47 47 0.0 
48 48 0.0 
49 49 0.0 
50 50 0.0 
51 51 0.0 
52 52 0.0 
53 53 0.0 
54 54 0.0 
55 55 0.0 
56 56 0.0 
57 57 0.0 
58 58 0.0 
59 59 0.0 
60 60 0.0 
61 61 0.0 
62 62 0.0 
63 63 0.0 
64 64 0.0 
65 65 0.0 
66 66 0.0 
67 67 0.0 
68 68 0.0 
69 69 0.0 
70 70 0.0 
71 71 0.0 
72 72 0.0 
73 73 0.0 
74 74 0.0 
75 75 0.0 
76 76 0.0 
77 77 0.0 
78 78 0.0 
79 79 0.0 
80 80 0.0 
81 81 0.0 
82 82 0.0 
83 83 0.0 
84 84 0.0 
85 85 0.0 
86 86 0.0 
87 87 0.0 
88 88 0.0 
89 89 0.0 
90 90 0.0 
91 91 0.0 
92 92 0.0 
93 93 0.0 
94 94 0.0 
95 95 0.0 
96 96 0.0 
97 97 0.0 
98 98 0.0 
99 99 0.0 
100 100 0.0 
101 101 0.0 
102 102 0.0 
103 103 0.0 
104 104 0.0 
105 105 0.0 
106 106 0.0 
107 107 0.0 
108 108 0.0 
109 109 0.0 
110 110 0.0 
111 111 0.0 
112 112 0.0 
113 113 0.0 
114 114 0.0 
115 115 0.0 
116 116 0.0 
117 117 0.0 
118 118 0.0 
119 119 0.0 
120 120 0.0 
121 121 0.0 
122 122 0.0 
123 123 0.0 
124 124 0.0 
125 125 0.0 
126 126 0.0 
127 127 0.0 
128 128 0.0 
129 129 0.0 
130 130 0.0 
131 131 0.0 
132 132 0.0 
133 133 0.0 
134 134 0.0 
135 135 0.0 
136 136 0.0 
137 137 0.0 
138 138 0.0 
139 139 0.0 
140 140 0.0 
141 141 0.0 
142 142 0.0 
143 143 0.0 
144 144 0.0 
145 145 0.0 
146 146 0.0 
147 147 0.0 
148 148 0.0 
149 149 0.0 
150 150 0.0 
151 151 0.0 
152 152 0.0 
153 153 0.0 
154 154 0.0 
155 155 0.0 
156 156 0.0 
157 157 0.0 
158 158 0.0 
159 159 0.0 
160 160 0.0 
161 161 0.0 
162 162 0.0 
163 163 0.0 
164 164 0.0 
165 165 0.0 
166 166 0.0 
167 167 0.0 
168 168 0.0 
169 169 0.0 
170 170 0.0 
171 171 0.0 
172 172 0.0 
173 173 0.0 
174 174 0.0 
175 175 0.0 
176 176 0.0 
177 177 0.0 
178 178 0.0 
179 179 0.0 
180 180 0.0 
181 181 0.0 
182 182 0.0 
183 183 0.0 
184 184 0.0 
185 185 0.0 
186 186 0.0 
187 187 0.0 
188 188 0.0 
189 189 0.0 
190 190 0.0 
191 191 0.0 
192 192 0.0 
193 193 0.0 
194 194 0.0 
195 195 0.0 
196 196 0.0 
197 197 0.0 
198 198 0.0 
199 199 0.0 
200 200 0.0 
201 201 0.0 
202 202 0.0 
203 203 0.0 
204 204 0.0 
205 205 0.0 
206 206 0.0 
207 207 0.0 
208 208 0.0 
209 209 0.0 
210 210 0.0 
211 211 0.0 
212 212 0.0 
213 213 0.0 
214 214 0.0 
215 215 0.0 
216 216 0.0 
217 217 0.0 
218 218 0.0 
219 219 0.0 
220 220 0.0 
221 221 0.0 
222 222 0.0 
223 223 0.0 
224 224 0.0 
225 225 0.0 
226 226 0.0 
227 227 0.0 
228 228 0.0 
229 229 0.0 
230 230 0.0 
231 231 0.0 
232 232 0.0 
233 233 0.0 
234 234 0.0 
235 235 0.0 
236 236 0.0 
237 237 0.0 
238 238 0.0 
239 239 0.0 
240 240 0.0 
241 241 0.0 
242 242 0.0 
243 243 0.0 
244 244 0.0 
245 245 0.0 
246 246 0.0 
247 247 0.0 
248 248 0.0 
249 249 0.0 
250 250 0.0 
251 251 0.0 
252 252 0.0 
253 253 0.0 
254 254 0.0 
255 255 0.0 
0 240 -1.0 
0 15 -1.0 
1 241 -1.0 
1 0 -1.0 
2 242 -1.0 
2 1 -1.0 
3 243 -1.0 
3 2 -1.0 
4 244 -1.0 
4 3 -1.0 
5 245 -1.0 
5 4 -1.0 
6 246 -1.0 
6 5 -1.0 
7 247 -1.0 
7 6 -1.0 
8 248 -1.0 
8 7 -1.0 
9 249 -1.0 
9 8 -1.0 
10 250 -1.0 
10 9 -1.0 
11 251 -1.0 
11 10 -1.0 
12 252 -1.0 
12 11 -1.0 
13 253 -1.0 
13 12 -1.0 
14 254 -1.0 
14 13 -1.0 
15 255 -1.0 
15 14 -1.0 
16 0 -1.0 
16 31 -1.0 
17 1 -1.0 
17 16 -1.0 
18 2 -1.0 
18 17 -1.0 
19 3 -1.0 
19 18 -1.0 
20 4 -1.0 
20 19 -1.0 
21 5 -1.0 
21 20 -1.0 
22 6 -1.0 
22 21 -1.0 
23 7 -1.0 
23 22 -1.0 
24 8 -1.0 
24 23 -1.0 
25 9 -1.0 
25 24 -1.0 
26 10 -1.0 
26 25 -1.0 
27 11 -1.0 
27 26 -1.0 
28 12 -1.0 
28 27 -1.0 
29 13 -1.0 
29 28 -1.0 
30 14 -1.0 
30 29 -1.0 
31 15 -1.0 
31 30 -1.0 
32 16 -1.0 
32 47 -1.0 
33 17 -1.0 
33 32 -1.0 
34 18 -1.0 
34 33 -1.0 
35 19 -1.0 
35 34 -1.0 
36 20 -1.0 
36 35 -1.0 
37 21 -1.0 
37 36 -1.0 
38 22 -1.0 
38 37 -1.0 
39 23 -1.0 
39 38 -1.0 
40 24 -1.0 
40 39 -1.0 
41 25 -1.0 
41 40 -1.0 
42 26 -1.0 
42 41 -1.0 
43 27 -1.0 
43 42 -1.0 
44 28 -1.0 
44 43 -1.0 
45 29 -1.0 
45 44 -1.0 
46 30 -1.0 
46 45 -1.0 
47 31 -1.0 
47 46 -1.0 
48 32 -1.0 
48 63 -1.0 
49 33 -1.0 
49 48 -1.0 
50 34 -1.0 
50 49 -1.0 
51 35 -1.0 
51 50 -1.0 
52 36 -1.0 
52 51 -1.0 
53 37 -1.0 
53 52 -1.0 
54 38 -1.0 
54 53 -1.0 
55 39 -1.0 
55 54 -1.0 
56 40 -1.0 
56 55 -1.0 
57 41 -1.0 
57 56 -1.0 
58 42 -1.0 
58 57 -1.0 
59 43 -1.0 
59 58 -1.0 
60 44 -1.0 
60 59 -1.0 
61 45 -1.0 
61 60 -1.0 
62 46 -1.0 
62 61 -1.0 
63 47 -1.0 
63 62 -1.0 
64 48 -1.0 
64 79 -1.0 
65 49 -1.0 
65 64 -1.0 
66 50 -1.0 
66 65 -1.0 
67 51 -1.0 
67 66 -1.0 
68 52 -1.0 
68 67 -1.0 
69 53 -1.0 
69 68 -1.0 
70 54 -1.0 
70 69 -1.0 
71 55 -1.0 
71 70 -1.0 
72 56 -1.0 
72 71 -1.0 
73 57 -1.0 
73 72 -1.0 
74 58 -1.0 
74 73 -1.0 
75 59 -1.0 
75 74 -1.0 
76 60 -1.0 
76 75 -1.0 
77 61 -1.0 
77 76 -1.0 
78 62 -1.0 
78 77 -1.0 
79 63 -1.0 
79 78 -1.0 
80 64 -1.0 
80 95 -1.0 
81 65 -1.0 
81 80 -1.0 
82 66 -1.0 
82 81 -1.0 
83 67 -1.0 
83 82 -1.0 
84 68 -1.0 
84 83 -1.0 
85 69 -1.0 
85 84 -1.0 
86 70 -1.0 
86 85 -1.0 
87 71 -1.0 
87 86 -1.0 
88 72 -1.0 
88 87 -1.0 
89 73 -1.0 
89 88 -1.0 
90 74 -1.0 
90 89 -1.0 
91 75 -1.0 
91 90 -1.0 
92 76 -1.0 
92 91 -1.0 
93 77 -1.0 
93 92 -1.0 
94 78 -1.0 
94 93 -1.0 
95 79 -1.0 
95 94 -1.0 
96 80 -1.0 
96 111 -1.0 
97 81 -1.0 
97 96 -1.0 
98 82 -1.0 
98 97 -1.0 
99 83 -1.0 
99 98 -1.0 
100 84 -1.0 
100 99 -1.0 
101 85 -1.0 
101 100 -1.0 
102 86 -1.0 
102 101 -1.0 
103 87 -1.0 
103 102 -1.0 
104 88 -1.0 
104 103 -1.0 
105 89 -1.0 
105 104 -1.0 
106 90 -1.0 
106 105 -1.0 
107 91 -1.0 
107 106 -1.0 
108 92 -1.0 
108 107 -1.0 
109 93 -1.0 
109 108 -1.0 
110 94 -1.0 
110 109 -1.0 
111 95 -1.0 
111 110 -1.0 
112 96 -1.0 
112 127 -1.0 
113 97 -1.0 
113 112 -1.0 
114 98 -1.0 
114 113 -1.0 
115 99 -1.0 
115 114 -1.0 
116 100 -1.0 
116 115 -1.0 
117 101 -1.0 
117 116 -1.0 
118 102 -1.0 
118 117 -1.0 
119 103 -1.0 
119 118 -1.0 
120 104 -1.0 
120 119 -1.0 
121 105 -1.0 
121 120 -1.0 
122 106 -1.0 
122 121 -1.0 
123 107 -1.0 
123 122 -1.0 
124 108 -1.0 
124 123 -1.0 
125 109 -1.0 
125 124 -1.0 
126 110 -1.0 
126 125 -1.0 
127 111 -1.0 
127 126 -1.0 
128 112 -1.0 
128 143 -1.0 
129 113 -1.0 
129 128 -1.0 
130 114 -1.0 
130 129 -1.0 
131 115 -1.0 
131 130 -1.0 
132 116 -1.0 
132 131 -1.0 
133 117 -1.0 
133 132 -1.0 
134 118 -1.0 
134 133 -1.0 
135 119 -1.0 
135 134 -1.0 
136 120 -1.0 
136 135 -1.0 
137 121 -1.0 
137 136 -1.0 
138 122 -1.0 
138 137 -1.0 
139 123 -1.0 
139 138 -1.0 
140 124 -1.0 
140 139 -1.0 
141 125 -1.0 
141 140 -1.0 
142 126 -1.0 
142 141 -1.0 
143 127 -1.0 
143 142 -1.0 
144 128 -1.0 
144 159 -1.0 
145 129 -1.0 
145 144 -1.0 
146 130 -1.0 
146 145 -1.0 
147 131 -1.0 
147 146 -1.0 
148 132 -1.0 
148 147 -1.0 
149 133 -1.0 
149 148 -1.0 
150 134 -1.0 
150 149 -1.0 
151 135 -1.0 
151 150 -1.0 
152 136 -1.0 
152 151 -1.0 
153 137 -1.0 
153 152 -1.0 
154 138 -1.0 
154 153 -1.0 
155 139 -1.0 
155 154 -1.0 
156 140 -1.0 
156 155 -1.0 
157 141 -1.0 
157 156 -1.0 
158 142 -1.0 
158 157 -1.0 
159 143 -1.0 
159 158 -1.0 
160 144 -1.0 
160 175 -1.0 
161 145 -1.0 
161 160 -1.0 
162 146 -1.0 
162 161 -1.0 
163 147 -1.0 
163 162 -1.0 
164 148 -1.0 
164 163 -1.0 
165 149 -1.0 
165 164 -1.0 
166 150 -1.0 
166 165 -1.0 
167 151 -1.0 
167 166 -1.0 
168 152 -1.0 
168 167 -1.0 
169 153 -1.0 
169 168 -1.0 
170 154 -1.0 
170 169 -1.0 
171 155 -1.0 
171 170 -1.0 
172 156 -1.0 
172 171 -1.0 
173 157 -1.0 
173 172 -1.0 
174 158 -1.0 
174 173 -1.0 
175 159 -1.0 
175 174 -1.0 
176 160 -1.0 
176 191 -1.0 
177 161 -1.0 
177 176 -1.0 
178 162 -1.0 
178 177 -1.0 
179 163 -1.0 
179 178 -1.0 
180 164 -1.0 
180 179 -1.0 
181 165 -1.0 
181 180 -1.0 
182 166 -1.0 
182 181 -1.0 
183 167 -1.0 
183 182 -1.0 
184 168 -1.0 
184 183 -1.0 
185 169 -1.0 
185 184 -1.0 
186 170 -1.0 
186 185 -1.0 
187 171 -1.0 
187 186 -1.0 
188 172 -1.0 
188 187 -1.0 
189 173 -1.0 
189 188 -1.0 
190 174 -1.0 
190 189 -1.0 
191 175 -1.0 
191 190 -1.0 
192 176 -1.0 
192 207 -1.0 
193 177 -1.0 
193 192 -1.0 
194 178 -1.0 
194 193 -1.0 
195 179 -1.0 
195 194 -1.0 
196 180 -1.0 
196 195 -1.0 
197 181 -1.0 
197 196 -1.0 
198 182 -1.0 
198 197 -1.0 
199 183 -1.0 
199 198 -1.0 
200 184 -1.0 
200 199 -1.0 
201 185 -1.0 
201 200 -1.0 
202 186 -1.0 
202 201 -1.0 
203 187 -1.0 
203 202 -1.0 
204 188 -1.0 
204 203 -1.0 
205 189 -1.0 
205 204 -1.0 
206 190 -1.0 
206 205 -1.0 
207 191 -1.0 
207 206 -1.0 
208 192 -1.0 
208 223 -1.0 
209 193 -1.0 
209 208 -1.0 
210 194 -1.0 
210 209 -1.0 
211 195 -1.0 
211 210 -1.0 
212 196 -1.0 
212 211 -1.0 
213 197 -1.0 
213 212 -1.0 
214 198 -1.0 
214 213 -1.0 
215 199 -1.0 
215 214 -1.0 
216 200 -1.0 
216 215 -1.0 
217 201 -1.0 
217 216 -1.0 
218 202 -1.0 
218 217 -1.0 
219 203 -1.0 
219 218 -1.0 
220 204 -1.0 
220 219 -1.0 
221 205 -1.0 
221 220 -1.0 
222 206 -1.0 
222 221 -1.0 
223 207 -1.0 
223 222 -1.0 
224 208 -1.0 
224 239 -1.0 
225 209 -1.0 
225 224 -1.0 
226 210 -1.0 
226 225 -1.0 
227 211 -1.0 
227 226 -1.0 
228 212 -1.0 
228 227 -1.0 
229 213 -1.0 
229 228 -1.0 
230 214 -1.0 
230 229 -1.0 
231 215 -1.0 
231 230 -1.0 
232 216 -1.0 
232 231 -1.0 
233 217 -1.0 
233 232 -1.0 
234 218 -1.0 
234 233 -1.0 
235 219 -1.0 
235 234 -1.0 
236 220 -1.0 
236 235 -1.0 
237 221 -1.0 
237 236 -1.0 
238 222 -1.0 
238 237 -1.0 
239 223 -1.0 
239 238 -1.0 
240 224 -1.0 
240 255 -1.0 
241 225 -1.0 
241 240 -1.0 
242 226 -1.0 
242 241 -1.0 
243 227 -1.0 
243 242 -1.0 
244 228 -1.0 
244 243 -1.0 
245 229 -1.0 
245 244 -1.0 
246 230 -1.0 
246 245 -1.0 
247 231 -1.0 
247 246 -1.0 
248 232 -1.0 
248 247 -1.0 
249 233 -1.0 
249 248 -1.0 
250 234 -1.0 
250 249 -1.0 
251 235 -1.0 
251 250 -1.0 
252 236 -1.0 
252 251 -1.0 
253 237 -1.0 
253 252 -1.0 
254 238 -1.0 
254 253 -1.0 
255 239 -1.0 
255 254 -1.0 
