196
0 0 0.0 
1 1 0.0 
2 2 0.0 
3 3 0.0 
4 4 0.0 
5 5 0.0 
6 6 0.0 
7 7 0.0 
8 8 0.0 
9 9 0.0 
10 10 0.0 
11 11 0.0 
12 12 0.0 
13 13 0.0 
14 14 0.0 
15 15 0.0 
16 16 0.0 
17 17 0.0 
18 18 0.0 
19 19 0.0 
20 20 0.0 
21 21 0.0 
22 22 0.0 
23 23 0.0 
24 24 0.0 
25 25 0.0 
26 26 0.0 
27 27 0.0 
28 28 0.0 
29 29 0.0 
30 30 0.0 
31 31 0.0 
32 32 0.0 
33 33 0.0 
34 34 0.0 
35 35 0.0 
36 36 0.0 
37 37 0.0 
38 38 0.0 
39 39 0.0 
40 40 0.0 
41 41 0.0 
42 42 0.0 
43 43 0.0 
44 44 0.0 
45 45 0.0 
46 46 0.0 
47 47 0.0 
48 48 0.0 
49 49 0.0 
50 50 0.0 
51 51 0.0 
52 52 0.0 
53 53 0.0 
54 54 0.0 
55 55 0.0 
56 56 0.0 
57 57 0.0 
58 58 0.0 
59 59 0.0 
60 60 0.0 
61 61 0.0 
62 62 0.0 
63 63 0.0 
64 64 0.0 
65 65 0.0 
66 66 0.0 
67 67 0.0 
68 68 0.0 
69 69 0.0 
70 70 0.0 
71 71 0.0 
72 72 0.0 
73 73 0.0 
74 74 0.0 
75 75 0.0 
76 76 0.0 
77 77 0.0 
78 78 0.0 
79 79 0.0 
80 80 0.0 
81 81 0.0 
82 82 0.0 
83 83 0.0 
84 84 0.0 
85 85 0.0 
86 86 0.0 
87 87 0.0 
88 88 0.0 
89 89 0.0 
90 90 0.0 
91 91 0.0 
92 92 0.0 
93 93 0.0 
94 94 0.0 
95 95 0.0 
96 96 0.0 
97 97 0.0 
98 98 0.0 
99 99 0.0 
100 100 0.0 
101 101 0.0 
102 102 0.0 
103 103 0.0 
104 104 0.0 
105 105 0.0 
106 106 0.0 
107 107 0.0 
108 108 0.0 
109 109 0.0 
110 110 0.0 
111 111 0.0 
112 112 0.0 
113 113 0.0 
114 114 0.0 
115 115 0.0 
116 116 0.0 
117 117 0.0 
118 118 0.0 
119 119 0.0 
120 120 0.0 
121 121 0.0 
122 122 0.0 
123 123 0.0 
124 124 0.0 
125 125 0.0 
126 126 0.0 
127 127 0.0 
128 128 0.0 
129 129 0.0 
130 130 0.0 
131 131 0.0 
132 132 0.0 
133 133 0.0 
134 134 0.0 
135 135 0.0 
136 136 0.0 
137 137 0.0 
138 138 0.0 
139 139 0.0 
140 140 0.0 
141 141 0.0 
142 142 0.0 
143 143 0.0 
144 144 0.0 
145 145 0.0 
146 146 0.0 
147 147 0.0 
148 148 0.0 
149 149 0.0 
150 150 0.0 
151 151 0.0 
152 152 0.0 
153 153 0.0 
154 154 0.0 
155 155 0.0 
156 156 0.0 
157 157 0.0 
158 158 0.0 
159 159 0.0 
160 160 0.0 
161 161 0.0 
162 162 0.0 
163 163 0.0 
164 164 0.0 
165 165 0.0 
166 166 0.0 
167 167 0.0 
168 168 0.0 
169 169 0.0 
170 170 0.0 
171 171 0.0 
172 172 0.0 
173 173 0.0 
174 174 0.0 
175 175 0.0 
176 176 0.0 
177 177 0.0 
178 178 0.0 
179 179 0.0 
180 180 0.0 
181 181 0.0 
182 182 0.0 
183 183 0.0 
184 184 0.0 
185 185 0.0 
186 186 0.0 
187 187 0.0 
188 188 0.0 
189 189 0.0 
190 190 0.0 
191 191 0.0 
192 192 0.0 
193 193 0.0 
194 194 0.0 
195 195 0.0 
0 182 -1.0 
0 13 -1.0 
1 183 -1.0 
1 0 -1.0 
2 184 -1.0 
2 1 -1.0 
3 185 -1.0 
3 2 -1.0 
4 186 -1.0 
4 3 -1.0 
5 187 -1.0 
5 4 -1.0 
6 188 -1.0 
6 5 -1.0 
7 189 -1.0 
7 6 -1.0 
8 190 -1.0 
8 7 -1.0 
9 191 -1.0 
9 8 -1.0 
10 192 -1.0 
10 9 -1.0 
11 193 -1.0 
11 10 -1.0 
12 194 -1.0 
12 11 -1.0 
13 195 -1.0 
13 12 -1.0 
14 0 -1.0 
14 27 -1.0 
15 1 -1.0 
15 14 -1.0 
16 2 -1.0 
16 15 -1.0 
17 3 -1.0 
17 16 -1.0 
18 4 -1.0 
18 17 -1.0 
19 5 -1.0 
19 18 -1.0 
20 6 -1.0 
20 19 -1.0 
21 7 -1.0 
21 20 -1.0 
22 8 -1.0 
22 21 -1.0 
23 9 -1.0 
23 22 -1.0 
24 10 -1.0 
24 23 -1.0 
25 11 -1.0 
25 24 -1.0 
26 12 -1.0 
26 25 -1.0 
27 13 -1.0 
27 26 -1.0 
28 14 -1.0 
28 41 -1.0 
29 15 -1.0 
29 28 -1.0 
30 16 -1.0 
30 29 -1.0 
31 17 -1.0 
31 30 -1.0 
32 18 -1.0 
32 31 -1.0 
33 19 -1.0 
33 32 -1.0 
34 20 -1.0 
34 33 -1.0 
35 21 -1.0 
35 34 -1.0 
36 22 -1.0 
36 35 -1.0 
37 23 -1.0 
37 36 -1.0 
38 24 -1.0 
38 37 -1.0 
39 25 -1.0 
39 38 -1.0 
40 26 -1.0 
40 39 -1.0 
41 27 -1.0 
41 40 -1.0 
42 28 -1.0 
42 55 -1.0 
43 29 -1.0 
43 42 -1.0 
44 30 -1.0 
44 43 -1.0 
45 31 -1.0 
45 44 -1.0 
46 32 -1.0 
46 45 -1.0 
47 33 -1.0 
47 46 -1.0 
48 34 -1.0 
48 47 -1.0 
49 35 -1.0 
49 48 -1.0 
50 36 -1.0 
50 49 -1.0 
51 37 -1.0 
51 50 -1.0 
52 38 -1.0 
52 51 -1.0 
53 39 -1.0 
53 52 -1.0 
54 40 -1.0 
54 53 -1.0 
55 41 -1.0 
55 54 -1.0 
56 42 -1.0 
56 69 -1.0 
57 43 -1.0 
57 56 -1.0 
58 44 -1.0 
58 57 -1.0 
59 45 -1.0 
59 58 -1.0 
60 46 -1.0 
60 59 -1.0 
61 47 -1.0 
61 60 -1.0 
62 48 -1.0 
62 61 -1.0 
63 49 -1.0 
63 62 -1.0 
64 50 -1.0 
64 63 -1.0 
65 51 -1.0 
65 64 -1.0 
66 52 -1.0 
66 65 -1.0 
67 53 -1.0 
67 66 -1.0 
68 54 -1.0 
68 67 -1.0 
69 55 -1.0 
69 68 -1.0 
70 56 -1.0 
70 83 -1.0 
71 57 -1.0 
71 70 -1.0 
72 58 -1.0 
72 71 -1.0 
73 59 -1.0 
73 72 -1.0 
74 60 -1.0 
74 73 -1.0 
75 61 -1.0 
75 74 -1.0 
76 62 -1.0 
76 75 -1.0 
77 63 -1.0 
77 76 -1.0 
78 64 -1.0 
78 77 -1.0 
79 65 -1.0 
79 78 -1.0 
80 66 -1.0 
80 79 -1.0 
81 67 -1.0 
81 80 -1.0 
82 68 -1.0 
82 81 -1.0 
83 69 -1.0 
83 82 -1.0 
84 70 -1.0 
84 97 -1.0 
85 71 -1.0 
85 84 -1.0 
86 72 -1.0 
86 85 -1.0 
87 73 -1.0 
87 86 -1.0 
88 74 -1.0 
88 87 -1.0 
89 75 -1.0 
89 88 -1.0 
90 76 -1.0 
90 89 -1.0 
91 77 -1.0 
91 90 -1.0 
92 78 -1.0 
92 91 -1.0 
93 79 -1.0 
93 92 -1.0 
94 80 -1.0 
94 93 -1.0 
95 81 -1.0 
95 94 -1.0 
96 82 -1.0 
96 95 -1.0 
97 83 -1.0 
97 96 -1.0 
98 84 -1.0 
98 111 -1.0 
99 85 -1.0 
99 98 -1.0 
100 86 -1.0 
100 99 -1.0 
101 87 -1.0 
101 100 -1.0 
102 88 -1.0 
102 101 -1.0 
103 89 -1.0 
103 102 -1.0 
104 90 -1.0 
104 103 -1.0 
105 91 -1.0 
105 104 -1.0 
106 92 -1.0 
106 105 -1.0 
107 93 -1.0 
107 106 -1.0 
108 94 -1.0 
108 107 -1.0 
109 95 -1.0 
109 108 -1.0 
110 96 -1.0 
110 109 -1.0 
111 97 -1.0 
111 110 -1.0 
112 98 -1.0 
112 125 -1.0 
113 99 -1.0 
113 112 -1.0 
114 100 -1.0 
114 113 -1.0 
115 101 -1.0 
115 114 -1.0 
116 102 -1.0 
116 115 -1.0 
117 103 -1.0 
117 116 -1.0 
118 104 -1.0 
118 117 -1.0 
119 105 -1.0 
119 118 -1.0 
120 106 -1.0 
120 119 -1.0 
121 107 -1.0 
121 120 -1.0 
122 108 -1.0 
122 121 -1.0 
123 109 -1.0 
123 122 -1.0 
124 110 -1.0 
124 123 -1.0 
125 111 -1.0 
125 124 -1.0 
126 112 -1.0 
126 139 -1.0 
127 113 -1.0 
127 126 -1.0 
128 114 -1.0 
128 127 -1.0 
129 115 -1.0 
129 128 -1.0 
130 116 -1.0 
130 129 -1.0 
131 117 -1.0 
131 130 -1.0 
132 118 -1.0 
132 131 -1.0 
133 119 -1.0 
133 132 -1.0 
134 120 -1.0 
134 133 -1.0 
135 121 -1.0 
135 134 -1.0 
136 122 -1.0 
136 135 -1.0 
137 123 -1.0 
137 136 -1.0 
138 124 -1.0 
138 137 -1.0 
139 125 -1.0 
139 138 -1.0 
140 126 -1.0 
140 153 -1.0 
141 127 -1.0 
141 140 -1.0 
142 128 -1.0 
142 141 -1.0 
143 129 -1.0 
143 142 -1.0 
144 130 -1.0 
144 143 -1.0 
145 131 -1.0 
145 144 -1.0 
146 132 -1.0 
146 145 -1.0 
147 133 -1.0 
147 146 -1.0 
148 134 -1.0 
148 147 -1.0 
149 135 -1.0 
149 148 -1.0 
150 136 -1.0 
150 149 -1.0 
151 137 -1.0 
151 150 -1.0 
152 138 -1.0 
152 151 -1.0 
153 139 -1.0 
153 152 -1.0 
154 140 -1.0 
154 167 -1.0 
155 141 -1.0 
155 154 -1.0 
156 142 -1.0 
156 155 -1.0 
157 143 -1.0 
157 156 -1.0 
158 144 -1.0 
158 157 -1.0 
159 145 -1.0 
159 158 -1.0 
160 146 -1.0 
160 159 -1.0 
161 147 -1.0 
161 160 -1.0 
162 148 -1.0 
162 161 -1.0 
163 149 -1.0 
163 162 -1.0 
164 150 -1.0 
164 163 -1.0 
165 151 -1.0 
165 164 -1.0 
166 152 -1.0 
166 165 -1.0 
167 153 -1.0 
167 166 -1.0 
168 154 -1.0 
168 181 -1.0 
169 155 -1.0 
169 168 -1.0 
170 156 -1.0 
170 169 -1.0 
171 157 -1.0 
171 170 -1.0 
172 158 -1.0 
172 171 -1.0 
173 159 -1.0 
173 172 -1.0 
174 160 -1.0 
174 173 -1.0 
175 161 -1.0 
175 174 -1.0 
176 162 -1.0 
176 175 -1.0 
177 163 -1.0 
177 176 -1.0 
178 164 -1.0 
178 177 -1.0 
179 165 -1.0 
179 178 -1.0 
180 166 -1.0 
180 179 -1.0 
181 167 -1.0 
181 180 -1.0 
182 168 -1.0 
182 195 -1.0 
183 169 -1.0 
183 182 -1.0 
184 170 -1.0 
184 183 -1.0 
185 171 -1.0 
185 184 -1.0 
186 172 -1.0 
186 185 -1.0 
187 173 -1.0 
187 186 -1.0 
188 174 -1.0 
188 187 -1.0 
189 175 -1.0 
189 188 -1.0 
190 176 -1.0 
190 189 -1.0 
191 177 -1.0 
191 190 -1.0 
192 178 -1.0 
192 191 -1.0 
193 179 -1.0 
193 192 -1.0 
194 180 -1.0 
194 193 -1.0 
195 181 -1.0 
195 194 -1.0 
