36
0 0 0.0 
1 1 0.0 
2 2 0.0 
3 3 0.0 
4 4 0.0 
5 5 0.0 
6 6 0.0 
7 7 0.0 
8 8 0.0 
9 9 0.0 
10 10 0.0 
11 11 0.0 
12 12 0.0 
13 13 0.0 
14 14 0.0 
15 15 0.0 
16 16 0.0 
17 17 0.0 
18 18 0.0 
19 19 0.0 
20 20 0.0 
21 21 0.0 
22 22 0.0 
23 23 0.0 
24 24 0.0 
25 25 0.0 
26 26 0.0 
27 27 0.0 
28 28 0.0 
29 29 0.0 
30 30 0.0 
31 31 0.0 
32 32 0.0 
33 33 0.0 
34 34 0.0 
35 35 0.0 
0 30 -1.0 
0 5 -1.0 
1 31 -1.0 
1 0 -1.0 
2 32 -1.0 
2 1 -1.0 
3 33 -1.0 
3 2 -1.0 
4 34 -1.0 
4 3 -1.0 
5 35 -1.0 
5 4 -1.0 
6 0 -1.0 
6 11 -1.0 
7 1 -1.0 
7 6 -1.0 
8 2 -1.0 
8 7 -1.0 
9 3 -1.0 
9 8 -1.0 
10 4 -1.0 
10 9 -1.0 
11 5 -1.0 
11 10 -1.0 
12 6 -1.0 
12 17 -1.0 
13 7 -1.0 
13 12 -1.0 
14 8 -1.0 
14 13 -1.0 
15 9 -1.0 
15 14 -1.0 
16 10 -1.0 
16 15 -1.0 
17 11 -1.0 
17 16 -1.0 
18 12 -1.0 
18 23 -1.0 
19 13 -1.0 
19 18 -1.0 
20 14 -1.0 
20 19 -1.0 
21 15 -1.0 
21 20 -1.0 
22 16 -1.0 
22 21 -1.0 
23 17 -1.0 
23 22 -1.0 
24 18 -1.0 
24 29 -1.0 
25 19 -1.0 
25 24 -1.0 
26 20 -1.0 
26 25 -1.0 
27 21 -1.0 
27 26 -1.0 
28 22 -1.0 
28 27 -1.0 
29 23 -1.0 
29 28 -1.0 
30 24 -1.0 
30 35 -1.0 
31 25 -1.0 
31 30 -1.0 
32 26 -1.0 
32 31 -1.0 
33 27 -1.0 
33 32 -1.0 
34 28 -1.0 
34 33 -1.0 
35 29 -1.0 
35 34 -1.0 
